Actual change points:    [   0  400  800 1500 1600 2000 2400 3100 3500 3900 4300 5400 5800 6200 6900 7100 7500 7900 9000]
Detected change points:  [0, 415, 821, 1514, 1627, 2025, 2416, 3117, 3512, 3922, 4315, 5409, 5826, 6209, 6916, 7123, 7521, 7918, 8999]
Diffrerence:  [ 0 15 21 14 27 25 16 17 12 22 15  9 26  9 16 23 21 18  1]
sum:  307 avg:  16.157894736842106
Mean Squared Error: 17.77491

Actual change points:    [   0  400  800 1500 1600 2000 2400 3100 3500 3900 4300 5400 5800 6200 6900 7100 7500 7900 9000]
Detected change points:  [0, 421, 827, 1523, 1642, 2025, 2425, 3126, 3525, 3935, 4319, 5406, 5831, 6217, 6929, 7137, 7529, 7926, 8999]
Diffrerence:  [ 0 21 27 23 42 25 25 26 25 35 19  6 31 17 29 37 29 26  1]
sum:  444 avg:  23.36842105263158
Mean Squared Error: 25.76615

Actual change points:    [   0  400  800 1500 1600 2000 2400 3100 3500 3900 4300 5400 5800 6200 6900 7100 7500 7900 9000]
Detected change points:  [0, 415, 831, 1535, 1631, 2047, 2431, 3135, 3519, 3935, 4319, 5439, 5855, 6239, 6943, 7135, 7551, 7935, 8999]
Diffrerence:  [ 0 15 31 35 31 47 31 35 19 35 19 39 55 39 43 35 51 35  1]
sum:  596 avg:  31.36842105263158
Mean Squared Error: 34.55126

Actual change points:    [   0  400  800 1500 1600 2000 2400 3100 3500 3900 4300 5400 5800 6200 6900 7100 7500 7900 9000]
Detected change points:  [0, 466, 865, 1551, 1713, 2068, 2449, 3158, 3584, 3980, 4367, 5418, 5856, 6259, 6949, 7173, 7614, 7969, 8999]
Diffrerence:  [  0  66  65  51 113  68  49  58  84  80  67  18  56  59  49  73 114  69 1]
sum:  1140 avg:  60.0
Mean Squared Error: 66.77299
